t=[0.000000 0.000260 0.000521 0.000781 0.001042 0.001302 0.001563 0.001823 0.002083 0.002344 0.002604 0.002865 0.003125 0.003385 0.003646 0.003906 0.004167 0.004427 0.004688 0.004948 0.005208 0.005469 0.005729 0.005990 0.006250 0.006510 0.006771 0.007031 0.007292 0.007552 0.007813 0.008073 0.008333 0.008594 0.008854 0.009115 0.009375 0.009635 0.009896 0.010156 0.010417 0.010677 0.010938 0.011198 0.011458 0.011719 0.011979 0.012240 0.012500 0.012760 0.013021 0.013281 0.013542 0.013802 0.014063 0.014323 0.014583 0.014844 0.015104 0.015365 0.015625 0.015885 0.016146 0.016406 ]
V=[0.00 17.60 35.04 52.14 68.73 84.67 99.78 113.94 127.00 138.84 149.34 158.40 165.93 171.87 176.15 178.74 179.61 178.74 176.15 171.87 165.93 158.40 149.34 138.84 127.00 113.94 99.78 84.67 68.73 52.14 35.04 17.60 -0.00 -17.60 -35.04 -52.14 -68.73 -84.67 -99.78 -113.94 -127.00 -138.84 -149.34 -158.40 -165.93 -171.87 -176.15 -178.74 -179.61 -178.74 -176.15 -171.87 -165.93 -158.40 -149.34 -138.84 -127.00 -113.94 -99.78 -84.67 -68.73 -52.14 -35.04 -17.60 ]
I=[0.00 0.40 0.81 1.20 1.58 1.95 2.29 2.62 2.92 3.19 3.43 3.64 3.81 3.95 4.05 4.11 4.13 4.11 4.05 3.95 3.81 3.64 3.43 3.19 2.92 2.62 2.29 1.95 1.58 1.20 0.81 0.40 0.00 0.00 0.00 0.00 0.00 0.00 0.00 0.00 0.00 0.00 0.00 0.00 0.00 0.00 0.00 0.00 0.00 0.00 0.00 0.00 0.00 0.00 0.00 0.00 0.00 0.00 0.00 0.00 0.00 0.00 0.00 0.00 ]