X_ABS=[1.313199 1.032213 0.439143 0.000000 0.088681 0.000000 0.038625 0.000000 0.021950 0.000000 0.014384 0.000000 0.010324 0.000000 0.007903 0.000000 0.006354 0.000000 0.005313 0.000000 0.004589 0.000000 0.004078 0.000000 0.003715 0.000000 0.003462 0.000000 0.003295 0.000000 0.003200 0.000000 0.202835 0.000004 0.204812 0.000002 0.210882 0.000001 0.221550 0.000004 0.237735 0.000000 0.260969 0.000001 0.293713 0.000002 0.340004 0.000002 0.406656 0.000002 0.505814 0.000002 0.660731 0.000000 0.920574 0.000005 1.404824 0.000002 2.471965 0.000005 5.675580 0.000001 28.105135 66.061646 ]
f=[0.000000 59.999996 119.999992 179.999985 239.999985 299.999969 359.999969 419.999969 479.999969 539.999939 599.999939 659.999939 719.999939 779.999939 839.999939 899.999939 959.999939 1019.999939 1079.999878 1139.999878 1199.999878 1259.999878 1319.999878 1379.999878 1439.999878 1499.999878 1559.999878 1619.999878 1679.999878 1739.999878 1799.999878 1859.999878 1919.999878 1979.999878 2039.999878 2099.999756 2159.999756 2219.999756 2279.999756 2339.999756 2399.999756 2459.999756 2519.999756 2579.999756 2639.999756 2699.999756 2759.999756 2819.999756 2879.999756 2939.999756 2999.999756 3059.999756 3119.999756 3179.999756 3239.999756 3299.999756 3359.999756 3419.999756 3479.999756 3539.999756 3599.999756 3659.999756 3719.999756 3779.999756 ]
X_ANG=[0.00 84.04 0.00 66.06 -9.52 28.11 -0.00 0.00 0.52 5.68 -0.00 0.00 -0.10 2.47 0.00 0.00 0.96 1.40 -0.00 0.00 -0.94 0.92 -0.00 0.00 10.81 0.66 -0.00 0.00 -0.12 0.51 0.00 0.00 -1.18 0.41 -0.00 0.00 3.13 0.34 -0.00 0.00 -0.06 0.29 -0.00 0.00 -0.32 0.26 -0.00 0.00 -1.76 0.24 0.00 0.00 -0.82 0.22 -0.00 0.00 0.87 0.21 0.00 0.00 0.71 0.20 0.00 0.00 ]